1.0254535675048828
0.9154186844825745
0.34512585401535034
0.37345343828201294
0.5196639895439148
0.6025977730751038
0.8893197178840637
0.9075592160224915
0.4889298379421234
0.36853906512260437
0.7853624224662781
0.4910459816455841
0.8229219913482666
0.7201337218284607
0.49167248606681824
0.3235120177268982
0.030904166400432587
0.3983055651187897
0.7210292220115662
-0.389425665140152
0.4495512545108795
0.23487356305122375
0.4184668958187103
0.16132521629333496
0.4075368344783783
0.4176613986492157
0.6695060133934021
0.9728254675865173
0.9457358717918396
0.7675319314002991
0.26242050528526306
0.6568659543991089
0.48726966977119446
0.4833161532878876
0.5791320204734802
0.4294028580188751
0.18573632836341858
